3 0.32265625 0.7109375 0.059375 0.121875
3 0.38046875 0.21640625 0.059375 0.1109375
3 0.45 0.1828125 0.05234375 0.1125
3 0.57109375 0.265625 0.0546875 0.1109375
3 0.7125 0.2265625 0.05 0.1203125
3 0.8625 0.38125 0.06484375 0.08984375
3 0.396875 0.6421875 0.04921875 0.08984375
3 0.440625 0.81484375 0.03828125 0.08671875
3 0.46640625 0.48125 0.03984375 0.06171875
3 0.48984375 0.5375 0.0375 0.096875
3 0.56796875 0.40390625 0.05625 0.07265625
3 0.653125 0.396875 0.03828125 0.1015625
3 0.7953125 0.4265625 0.05234375 0.07578125
3 0.6828125 0.6203125 0.04921875 0.08046875
3 0.75703125 0.71484375 0.04921875 0.1328125
3 0.63515625 0.9125 0.090625 0.09140625