1 0.82109375 0.22890625 0.034375 0.06796875
1 0.6953125 0.32109375 0.03359375 0.05234375
1 0.72890625 0.2578125 0.02890625 0.04609375
1 0.7421875 0.5296875 0.02734375 0.059375
1 0.67421875 0.0484375 0.021875 0.034375
1 0.47578125 0.51796875 0.025 0.0515625
1 0.59453125 0.240625 0.02734375 0.04296875
1 0.43359375 0.21015625 0.0203125 0.046875
1 0.49921875 0.26953125 0.02890625 0.0546875
1 0.35078125 0.165625 0.0234375 0.05390625
1 0.39609375 0.1765625 0.02890625 0.0359375
1 0.23828125 0.53125 0.02578125 0.053125
1 0.35390625 0.6515625 0.03125 0.0421875
0 0.43828125 0.76953125 0.028125 0.0515625
0 0.209375 0.31171875 0.04296875 0.0671875
0 0.2609375 0.25859375 0.02421875 0.0484375
0 0.35546875 0.4734375 0.02421875 0.0515625
0 0.4859375 0.5859375 0.028125 0.04296875
0 0.540625 0.35390625 0.0234375 0.04453125
0 0.5984375 0.15703125 0.02890625 0.0421875
0 0.6140625 0.18828125 0.03203125 0.0421875
0 0.6296875 0.775 0.025 0.05