0 0.30625 0.4 0.0609375 0.07734375
0 0.55703125 0.2 0.04140625 0.07265625
0 0.83828125 0.825 0.0546875 0.07578125
0 0.8796875 0.59140625 0.03359375 0.08984375
0 0.45546875 0.71171875 0.04375 0.1015625
0 0.53125 0.7515625 0.05234375 0.08359375
0 0.63984375 0.92734375 0.04375 0.08359375
0 0.18125 0.90390625 0.046875 0.08828125
1 0.215625 0.61484375 0.034375 0.08203125
1 0.2625 0.12734375 0.034375 0.05078125
1 0.38515625 0.0296875 0.04453125 0.05546875
1 0.73984375 0.11640625 0.05234375 0.06015625
1 0.85390625 0.178125 0.04140625 0.08515625
1 0.665625 0.38359375 0.046875 0.06953125
1 0.77890625 0.22109375 0.046875 0.06640625
1 0.8140625 0.42109375 0.0546875 0.07109375
1 0.60078125 0.534375 0.053125 0.08828125
1 0.346875 0.475 0.0515625 0.05546875
1 0.28203125 0.91875 0.0671875 0.07890625
1 0.4765625 0.9359375 0.046875 0.07578125
1 0.7375 0.62734375 0.0375 0.09375
1 0.653125 0.83203125 0.0625 0.08359375
0 0.88125 0.7765625 0.0515625 0.08984375