3 0.32109375 0.1921875 0.06484375 0.10625
3 0.45625 0.1765625 0.05546875 0.09375
3 0.59765625 0.08359375 0.0421875 0.08671875
3 0.65859375 0.175 0.04375 0.103125
3 0.740625 0.275 0.05390625 0.06171875
3 0.80390625 0.3359375 0.04765625 0.08203125
3 0.26796875 0.61328125 0.05625 0.128125
3 0.4703125 0.43515625 0.065625 0.08046875
3 0.58828125 0.5046875 0.0546875 0.1265625
3 0.3890625 0.51484375 0.04921875 0.134375
3 0.46484375 0.55546875 0.06328125 0.1078125
3 0.39453125 0.84453125 0.04921875 0.153125
3 0.5015625 0.71875 0.06875 0.07578125
3 0.575 0.80625 0.04140625 0.1375
3 0.715625 0.43671875 0.0734375 0.07734375
3 0.8015625 0.60859375 0.046875 0.08828125
3 0.86953125 0.57421875 0.04765625 0.1296875