1 0.33359375 0.2296875 0.0453125 0.06484375
1 0.525 0.1625 0.04609375 0.06953125
1 0.45234375 0.32109375 0.03359375 0.06796875
1 0.33828125 0.3265625 0.0578125 0.06640625
1 0.27734375 0.4015625 0.03359375 0.06796875
1 0.25546875 0.6203125 0.0453125 0.07421875
1 0.28515625 0.796875 0.053125 0.07890625
1 0.35234375 0.79296875 0.04140625 0.06796875
1 0.534375 0.72578125 0.04140625 0.07578125
1 0.65703125 0.2609375 0.04609375 0.06484375
1 0.8765625 0.4453125 0.040625 0.08203125
1 0.6703125 0.67734375 0.0453125 0.0953125
1 0.71171875 0.7921875 0.078125 0.06640625
1 0.60234375 0.5484375 0.0375 0.06015625
0 0.790625 0.16015625 0.03984375 0.06171875
0 0.7625 0.2875 0.053125 0.06328125
0 0.65078125 0.45703125 0.03125 0.0984375
0 0.4984375 0.39609375 0.03828125 0.05703125
0 0.18671875 0.503125 0.05 0.1109375
0 0.35625 0.6265625 0.05625 0.08671875
0 0.41953125 0.8234375 0.05390625 0.096875
0 0.7640625 0.54140625 0.03984375 0.06796875
0 0.85625 0.609375 0.053125 0.1015625