3 0.23203125 0.41484375 0.05703125 0.05859375
3 0.32265625 0.43203125 0.03359375 0.1484375
3 0.52109375 0.19453125 0.09140625 0.05546875
3 0.36875 0.615625 0.05703125 0.08359375
3 0.3734375 0.86015625 0.04609375 0.09140625
3 0.540625 0.63046875 0.06328125 0.09375
3 0.478125 0.45078125 0.0390625 0.0984375
3 0.5640625 0.34375 0.06484375 0.08203125
3 0.665625 0.32890625 0.03203125 0.1203125
3 0.86796875 0.3046875 0.03828125 0.109375
3 0.86953125 0.5828125 0.040625 0.07890625
3 0.66953125 0.81796875 0.02578125 0.1171875
3 0.8140625 0.778125 0.04765625 0.04921875
3 0.64140625 0.53359375 0.0421875 0.06171875
3 0.56796875 0.50546875 0.04140625 0.109375
3 0.73125 0.57421875 0.04921875 0.08671875
3 0.73359375 0.48046875 0.05 0.103125
3 0.81171875 0.3859375 0.04375 0.0984375
3 0.6828125 0.71875 0.05 0.09296875