1 0.4234375 0.21875 0.065625 0.096875
1 0.36640625 0.4578125 0.05234375 0.1
1 0.45390625 0.5640625 0.0609375 0.07265625
1 0.54296875 0.3515625 0.04453125 0.1109375
1 0.71953125 0.20859375 0.06015625 0.1015625
1 0.73984375 0.37890625 0.0515625 0.09375
1 0.75546875 0.28203125 0.03828125 0.1015625
1 0.5609375 0.48046875 0.05234375 0.1125
1 0.5046875 0.60390625 0.0421875 0.115625
1 0.6265625 0.546875 0.0625 0.07265625
1 0.68125 0.41484375 0.0375 0.1078125
1 0.69609375 0.64375 0.04765625 0.1015625
1 0.72421875 0.72421875 0.06484375 0.07578125
1 0.81796875 0.58125 0.0515625 0.1125
1 0.77421875 0.6890625 0.0484375 0.08828125