0 0.23984375 0.14921875 0.04140625 0.06953125
0 0.18671875 0.68671875 0.03671875 0.1203125
0 0.28828125 0.51953125 0.05625 0.08828125
0 0.53984375 0.34921875 0.0453125 0.06328125
0 0.575 0.67109375 0.0359375 0.08359375
0 0.57734375 0.84375 0.04375 0.05859375
0 0.79609375 0.2375 0.040625 0.08671875
0 0.771875 0.3140625 0.03046875 0.07265625
1 0.6734375 0.0734375 0.03046875 0.09140625
1 0.40625 0.17578125 0.05234375 0.06796875
1 0.23515625 0.27890625 0.05625 0.06328125
1 0.5046875 0.203125 0.05703125 0.07890625
1 0.40390625 0.32890625 0.046875 0.05859375
1 0.48125 0.52421875 0.04609375 0.096875
1 0.38515625 0.78515625 0.0484375 0.1015625
1 0.48359375 0.81875 0.0578125 0.06953125
1 0.69921875 0.7125 0.03046875 0.103125
1 0.775 0.43125 0.02890625 0.06640625
1 0.8421875 0.54453125 0.03828125 0.08984375
1 0.7296875 0.6640625 0.04375 0.07578125
1 0.759375 0.09296875 0.03984375 0.06796875
1 0.746875 0.346875 0.02421875 0.0953125