0 0.7328125 0.17890625 0.034375 0.06015625
0 0.6046875 0.04140625 0.028125 0.0421875
0 0.6296875 0.453125 0.02734375 0.05078125
0 0.6578125 0.63671875 0.02734375 0.0515625
0 0.49140625 0.36015625 0.0265625 0.04453125
0 0.31328125 0.7015625 0.03125 0.0515625
1 0.55078125 0.21796875 0.0328125 0.04453125
1 0.32421875 0.35625 0.021875 0.0484375
1 0.2578125 0.29140625 0.03125 0.03671875
1 0.16875 0.51640625 0.0265625 0.04765625
1 0.1640625 0.853125 0.02421875 0.04609375
1 0.3921875 0.7578125 0.02578125 0.04609375
1 0.48984375 0.6421875 0.0390625 0.04375
0 0.46171875 0.4609375 0.02578125 0.03984375
0 0.1171875 0.5 0.0296875 0.05546875
0 0.19765625 0.75078125 0.03515625 0.06875
0 0.43359375 0.946875 0.03359375 0.0578125